0101 450
0105 480
0106 542
0107 460 450
0109 460
0114 510
0115 432 300y
0117 460
0118 440
0119 485 300y
0124 250
0125 200 480 168
0126 450 377y
0127 359
0128 980
0130 480 120c

9633


0201 480 208
0202 480 100
0204 520
0205 480 
0207 470 120 100 
0209 500 500 136
0211 458 600 100
0216 868(418+438+12)+100
0218 480
0219 739(488+12+179+60) 920
0220 480
0223 500
0226 1075
0227 450

10864

0304 950正骨 377y 480 450
0310 480 
0311 798(480+318) 450
0312 1112 659(500+159) 
0314 520
0318 565(485+80) 
0319 728(440+288)
0325 1266(500+428+338)

8835

0401 679(480+199)
0402 1525(450+1060+15)
0407 520
0408 768(470+298) 100
0416 520 468
0421 358
0422 470
0423 388
0430 358 358

6512 

0501 1354(588+100+666) 460 178r
0503 430 500
0507 500 600
0512 600
0514 500
0516 511(mmc,111+200+200) 460 68c
0519 530(mmc,42+188+100+200)
0521 390(470+20-100)
0525 800
0527 480 450
0531 500

9307 

0604 358 
0611 450 
0614 450 200
0618 1276(12+468+438+358)
0624 350
0627 460

3544

0702 450 
0705 490
0710 460 
0716 500 
0721 460
0723 460
0729 490
0730 500 1130

4940 

0809 480
0814 460
0815 480
0816 719(468+159+12+80) 500
0819 560(468+12+80)
0821 450 
0823 510 450
0826 515 585(510+15+60)
0828 450
0829 490

6649

0904 1240(1000+115+125)
0906 430
0907 590 
0910 500 12
0911 358
0915 570(520+50) 450 120
0919 500 500
0921 1075(15+580+480) 100
0923 1148(480+668) 450
0928 920(460+460) 300

9263

1002 358
1003 512 520
1006 598
1007 570(510+60)