

3.5 90 
3.7 88
3.11 400
3.13 300
3.15 1000
3.17 89
3.17 400
3.18 88
3.19 300
3.22 200
3.25 500
3.26 200
3.26 300
3.26 88
3.29 300
3.30 88

90 88 89 88  88 88=600
400 300 1000 400 300 200 500 200 300 300=3900          
4500

4.3 88
4.9 300
4.10 80
4.13 300
4.14 400
4.16 88
4.16 200
4.21 300
4.21 88
4.24 200
4.25 88
4.26 300
4.29 260

88 80 88  88 88 = 432
300 300 400 200 300 200 300 260=2260
2700

5.1 88
5.3 70
5.4 88
5.5 199
5.6 90
5.7 300
5.12 88
5.13 88
5.16 88
5.16 450
5.19 88
5.20 88
5.22 88
5.25 900
5.27 180
5.30 88
5.31 88
5.31 400

88 70 88 90 88 * 8 =1040
199 300 450 900 180 400 =2430
3500

6.2 300
6.2 88+90
6.4 128
6.5 300
6.7 88
6.12 88
6.16 400+400+70+88
6.22 88
6.24 129
6.25 350
6.29 88
88 90 128 88 88 70 88 88 129 88=945
300 300 400 400 350=1750
2700

7.1 90
7.2 350
7.4 88
7.8 88
7.12 88
7.14 350
7.17 80
7.21 88 + 148
7.25 88
7.29 88+99
7.16 900
7.19 350
7.24 200
7.26 350
90 88 88 88 80 88 148 88 88 99=945
350 350 900 350 200 350 =2500
3500

8.1 88
8.2 70
8.6 350
8.9 88
8.12 90
8.15 200
8.16 350 + 210
8.18 88
8.20 900
8.23 88
8.25 90
88 70 88 90 88 88 90=602
350 200 350 210 900 =2000
2600

9.1 88
9.1 135
9.2 350
9.4 88
9.5 350
9.8 88
9.9 135
9.10 180
9.10 900
9.13 350 
9.18 200
9.18 350
9.18 135
9.19 88
9.20 90
9.25 80
9.28 180
9.30 180
 
88 135 88 88 135 180 135 88 90 180 180 = 1385
350 350 900 350 200 350 =2500
3885

10.3 150
10.3 150
10.5 180
10.7 180
10.7 90
10.12 88
10.16 88
10.17 90
10.18 135
10.19 139
10.19 855
10.23 70
10.24 88
10.25 180
10.26 350
10.30 900

180 180 90 88 88 90 135 139 70 88 180  =1324
150 150 855 350 900=2405
3730

11.5 88
11.7 190
11.14 88
11.17 100
11.22 88
11.25 90
11.25 70
11.27 88

802

12.7 176
12.12 128
12.12 90
12.14 88
12.17 169
12.18 90
12.19 88
12.24 180
12.26 88
12.28 90

176 128 90 88 169 90 88 180 88 90 
1187

2020

1.1 88
1.3 139
1.6 90
1.9 88
1.9 90
1.11 88
1.15 188

771

2月无

4.9 188
4.10 88
4.12 78
4.12 98
4.12 400
4.14 298
4.14 88
4.15 400
4.16 368
4.16 600
4.16 98
4.16 99
4.17 238
4.18 299
4.20 298
4.21 300
4.22 99
4.23 368
4.26 119
4.29 368
4.29 119
4.30 238

5249

5.4 368
5.7 119 
5.7 98
5.9 119
5.10 368
5.12 149
5.13 109
5.14 388
5.15 400
5.18 129
5.18 78
5.20 109
5.22 98
5.23 409
5.23 409 161
5.25 78
5.25 227
5.28 78
5.30 398
5.30 468
5.31 78

4838

6.2 150
6.2 368
6.3 159
6.6 88
6.6 500 100 100
6.6 409 100
6.7 400
6.8 288
6.9 88
6.10 368
6.13 499 136
6.14 288
6.16 78
6.17 360
6.18 78
6.21 78
6.21 498
6.21 499
6.22 99
6.25 98
6.26 78
6.27 499
6.27 139
6.30 139

6684

7.3 139
7.5  499 117
7.6 78
7.7 78
7.9 78
7.11 78 430
7.12 598 180c 128 128
7.13 78
7.16 488 78
7.17 400 70c 128 
7.18 198
7.20 88 249
7.21 368 129 400 82c
7.22 78
7.24 129 500 130c 159
7.27 189
7.30 88

6572

8.1  368
8.10 359
8.11 78
8.11 189
8.12 188
8.13 450
8.13 359
8.14 78
8.15 78
8.17 249
8.29 117

2513










