1.2 158
1.3 78 139
1.5 128 78
1.9 95
1.17 420 498 200 100c
1.22 138
1.23 125 400 
1.24 498 c100
1.25 78
1.26 236
1.28 279
1.30 259
1.31 420 420 259

5108


2.4 358 100 
2.7 420 498 98 80c
2.10 400 130
2.13 588
2.17 548
2.18 198 199 343
2.20 249
2.23 129
2.28 198

4536

3.1 196 88 569 420
3.2 343 400
3.4 85
3.5 98 130 400 400 400 642
3.8 800 268
3.9 139 400 520
3.10 198 198
3.11 117
3.12 90
3.15 700 178
3.16 343
3.19 130 
3.20 368
3.21 500 400
3.22 368
3.24 420 500
3.25 125
3.27 278
3.29 289
3.30 400

11904

4.2 500
4.3 420 420 400
4.5 480 118
4.6 500
4.8 500
4.9 378
4.11 400
4.14 198
4.18 400
4.20 160
4.23 380 380
4.24 90 500
4.26 1096
4.27 400
4.28 400 88
0429 300

8492

5.1 300
5.2 400
5.3 400 400
5.4 500 400
5.6 450 400
5.9 2000
5.10 700 400
5.11 450 400
5.14 760
5.15 1010 718
5.16 788 398
5.17 800
5.20 380 390 1206
5.21 450 350 400
5.22 810 400 848 430
5.23 460 130 600
5.26 400
5.27 438
5.28 338
5.29 420 430 628
5.30 1000

22264

6.1 400 400
6.5 400
6.12 400
6.14 400
6.15 450 300 380 50c
6.16 400 50x 360 
6.17 400
6.19 500 400 
6.20 860 470
6.25 480 400

7500

0710 400
0718 1500
0722 400
0723 400
0725 400

3100

0801 860 200
0808 850 500 100
0815 800 100 100 168
0819 450 100
0822 850
0824 400
0825 1250
0829 450 500 100
0831 400 500 50c