1.1 88
1.3 139
1.6 90
1.9 88
1.9 90
1.11 88
1.15 188

771

2月无

4.9 188
4.10 88
4.12 78
4.12 98
4.12 400
4.14 298
4.14 88
4.15 400
4.16 368
4.16 600
4.16 98
4.16 99
4.17 238
4.18 299
4.20 298
4.21 300
4.22 99
4.23 368
4.26 119
4.29 368
4.29 119
4.30 238

5249

5.4 368
5.7 119 
5.7 98
5.9 119
5.10 368
5.12 149
5.13 109
5.14 388
5.15 400
5.18 129
5.18 78
5.20 109
5.22 98
5.23 409
5.23 409 161
5.25 78
5.25 227
5.28 78
5.30 398
5.30 468
5.31 78

4838

6.2 150
6.2 368
6.3 159
6.6 88
6.6 500 100 100
6.6 409 100
6.7 400
6.8 288
6.9 88
6.10 368
6.13 499 136
6.14 288
6.16 78
6.17 360
6.18 78
6.21 78
6.21 498
6.21 499
6.22 99
6.25 98
6.26 78
6.27 499
6.27 139
6.30 139

6684

7.3 139
7.5  499 117
7.6 78
7.7 78
7.9 78
7.11 78 430
7.12 598 180c 128 128
7.13 78
7.16 488 78
7.17 400 70c 128 
7.18 198
7.20 88 249
7.21 368 129 400 82c
7.22 78
7.24 129 500 130c 159
7.27 189
7.30 88

6572

8.1  368
8.10 359
8.11 78
8.11 189
8.12 188
8.13 450
8.13 359
8.14 78
8.15 78
8.17 249
8.29 117

2513

9.5 539 
9.6 78 98 80
9.12 120 78
9.16 75 78 
9.19 540 128 300 c232
9.21 78 
9.26 278
9.27 540 538 538 c223
9.28 159
9.30 159 368

5227

10.1 119 168
10.2 78
10.6 500 539 108
10.8 554 540 c76
10.9 249
10.12 60
10.17 99 c62 539 539 c257
10.22 117
10.25 80 117

4720

11.3 558
11.8 389 129 169
11.9 78
11.10 149
11.11 638
11.13 400
11.14 440 c96 78
11.15 600 558
11.16 539 c100
11.18 420 c80
11.21 149
11.22 400
11.24 78
11.25 198
11.26 558
11.27 276
11.29 358 359 78
11.30 85

7960