2022

0104 450
0109 600 650
0115 400
0119 400
0122 400 450 230
0127 530 200
0128 660 
0130 500 150

5620

0203 200 300
0205 130 420 420
0206 430 200 500 400
0208 420
0209 668
0212 460 230 620
0213 460 120
0215 460
0221 460
0226 850 200
0227 1075 435

9458

0301 420
0302 830
0306 1650
0310 420
0312 500 188 200

4208

0403 360
0405 400 550 188 
0407 475
0408 403
0410 1175
0412 420
0415 500
0417 1200
0421 708
0423 500 436
0425 440 850
0427 530
0430 420 590

10145

0503 440
0504 1115
0508 1150 410
0514 400
0515 700 560 
0518 420 420
0522 440 1065
0525 510
0527 460
0528 940 490

9520

0601 410
0602 440
0605 500 420 
0610 430
0612 470
0619 710 500 500
0623 650
0626 420 800
0630 420 225

6895

0701 400
0703 500 535 
0708 320 680
0714 450
0715 440
0721 430